18891
18892
18893
18894
18895
18896
18897
18898
18899
18900
18901
18902
18903
18904
18905
18921
18922
18923
18924
18939
18940
18941
18942
18943
18955
18956
18957
18958
18959
18926
18927
18928
18929
18930
18931
18932
18933
18934
18935
18969
18968
19067
19068
19069
19095
18962
19096
19097
19098
18944
18945
18946
18947
18948
18949
18950
18951
18970
18971
18972
18973
19006
19007
19008
19009
19010
19011
19012
19013
19014
19015
19016
19017
19018
19019
19020
18936
18937
18938
18977
18978
18979
18911
18912
18913
18914
18915
18916
18917
18918
18919
18920
19036
19037
19038
18974
19163
19317
19318
19319
19039
19040
19041
19042
19043
19044
19045
19046
19047
19048
19049
19050
19051
19052
19053
19421
19422
19423
19424
19487
19488
1210
371
18952
18953
18954
18961
18962
19022
19023
19024
19025
19026
19027
19028
19029
19030
19031
19032
19033
19034
19035
18906
18907
18908
18910
19065
19101
19102
19103
19104
19105
19094
19137
18964
18966
18641
19350
19351
19077
19136
18975
19274
19348
19625
1485
19626
18634
18635
19586
19584
19583
19581
19627
19622
19621
19555
19556
19904
19878
19631
18633
18644
18890
19352
19349
19801
19559
11745
11738
19610