543 0.0 0.0 -45.0
549 0.0 0.0 -45.0
542 0.0 0.0 -45.0
436 0.0 0.0 -45.0
600 0.0 0.0 -45.0
546 0.0 0.0 -45.0
404 0.0 0.0 -45.0
412 0.0 0.0 -45.0
467 0.0 0.0 -45.0
547 0.0 0.0 -45.0
529 0.0 0.0 -45.0
410 0.0 0.0 -45.0
479 0.0 0.0 -45.0
585 0.0 0.0 -45.0
586 0.0 0.0 -45.0
540 0.0 0.0 -45.0
466 0.0 0.0 -45.0
550 0.0 0.0 -45.0
517 0.0 0.0 -45.0
527 0.0 0.0 -45.0
588 0.0 0.0 -45.0
401 0.0 0.0 -45.0
419 0.0 0.0 -45.0
420 0.0 0.0 -45.0
438 0.0 0.0 -45.0
426 0.0 0.0 -45.0
458 0.0 0.0 -45.0
496 0.0 0.0 -45.0
554 0.0 0.0 -45.0
445 0.0 0.0 -45.0
492 0.0 0.0 -45.0
516 0.0 0.0 -45.0
525 0.0 0.0 -45.0
474 0.0 0.0 -45.0
491 0.0 0.0 -45.0
422 0.0 0.0 -45.0
475 0.0 0.0 -45.0
507 0.0 0.0 -45.0
526 0.0 0.0 -45.0
551 0.0 0.0 -45.0
518 0.0 0.0 -45.0
405 0.0 0.0 -45.0
421 0.0 0.0 -45.0
500 0.0 0.0 -45.0
589 0.0 0.0 -45.0
566 0.0 0.0 -45.0
439 0.0 0.0 -45.0
535 0.0 0.0 -45.0
561 0.0 0.0 -45.0
536 0.0 0.0 -45.0
602 0.0 0.0 -45.0
575 0.0 0.0 -45.0
576 0.0 0.0 -45.0
400 0.0 0.0 -45.0
565 0.0 0.0 -45.0
567 0.0 0.0 -45.0
587 0.0 0.0 -45.0
533 0.0 0.0 -45.0
555 0.0 0.0 -45.0
558 0.0 0.0 -45.0
559 0.0 0.0 -45.0
562 0.0 0.0 -45.0
534 0.0 0.0 -45.0
582 0.0 0.0 -45.0
489 0.0 0.0 -45.0
545 0.0 0.0 -45.0
560 0.0 0.0 -45.0
402 0.0 0.0 -45.0
480 0.0 0.0 -45.0
603 0.0 0.0 -45.0
477 0.0 0.0 -45.0
506 0.0 0.0 -45.0
429 0.0 0.0 -45.0
579 0.0 0.0 -45.0
580 0.0 0.0 -45.0
415 0.0 0.0 -45.0
451 0.0 0.0 -45.0
541 0.0 0.0 -45.0
411 0.0 0.0 -45.0
409 0.0 0.0 -45.0
478 0.0 0.0 -45.0
418 0.0 0.0 -45.0
413 0.0 0.0 -45.0
483 0.0 0.0 -45.0
423 0.0 0.0 -45.0
414 0.0 0.0 -45.0
499 0.0 0.0 -45.0
440 0.0 0.0 -45.0
456 0.0 0.0 -45.0
482 0.0 0.0 -45.0
508 0.0 0.0 -45.0
498 0.0 0.0 -45.0
609 0.0 0.0 -45.0
462 0.0 0.0 -45.0
468 0.0 0.0 -45.0
581 0.0 0.0 -45.0
463 0.0 0.0 -45.0
461 0.0 0.0 -45.0
521 0.0 0.0 -45.0
522 0.0 0.0 -45.0
471 0.0 0.0 -45.0
470 0.0 0.0 -45.0
455 0.0 0.0 -45.0