973 -15.0 0.0 0.0
978 -15.0 0.0 0.0
979 -15.0 0.0 0.0
981 -15.0 0.0 0.0
1238 -15.0 0.0 0.0
1434 -15.0 0.0 0.0
1459 -15.0 0.0 0.0
1422 -15.0 0.0 0.0
1423 -15.0 0.0 0.0
1424 -15.0 0.0 0.0
1425 -15.0 0.0 0.0
1427 -15.0 0.0 0.0
1434 -15.0 0.0 0.0
1459 -15.0 0.0 0.0
4504 -15.0 0.0 0.0
4505 -15.0 0.0 0.0
4506 -15.0 0.0 0.0
4507 -15.0 0.0 0.0
4508 -15.0 0.0 0.0
4509 -15.0 0.0 0.0
4516 -15.0 0.0 0.0
4521 -15.0 0.0 0.0
4522 -15.0 0.0 0.0
4524 -15.0 0.0 0.0
4527 -15.0 0.0 0.0
19834 -15.0 0.0 0.0
19836 -15.0 0.0 0.0