1792
1429
1518
1747
1748
1749
1750
1751
1752
1781
1786
1791
1792
2091
2093
2224
2296
2297
2595
2596
2648
2700
19787
19786
2231
2232
19609
19317
19318
1841
2233
2230
2229
18875
19814
19813
18872
18867
19807
11705
2149
2099
1785
2028
19830
11743
2600
2964
2028
19612
1719
1718
1840
11705
19825
1788
1785
1782
2101
19614
1971
2225
2227
2718
2099
2100
19787
14820
19920
2344
19827
19828
19826
19814
19807
19813
19623
19808
11728
18865
18866
18867
18868
18869
18870
18871
18872
18873
18874
3070
19942
19894
19893
19609
2967
1886
2102
19421
2233