1 
2 
3 
6 
8 
23 
26 
27 
29 
30 
32 
33 
34 
42 
43 
44 
45 
46 
47 
48 
49 
52 
57 
58 
59 
60 
61 
62 
68 
72 
73 
78 
81 
82 
94
95
96 
97 
98 
99 
100 
101 
108 
109 
110 
111 
112 
113 
114 
115 
116 
117
118 
119 
120 
121 
122
123 
124 
125 
126 
127
128 
133 
135 
137 
146 
147 
153 
154 
155 
158 
159 
160 
161 
162 
164 
165 
167 
170 
171 
173 
174 
175 
177 
179 
181 
184 
186 
187 
188 
189 
200 
202 
206 
208 
209 
210 
212 
213 
217 
223
227 
228 
229 
230 
234 
235 
236
240 
241 
242 
247 
248 
249 
250
254 
255 
258 
259 
261 
264 
268 
272 
273 
289 
290 
291 
292 
294 
295 
299 
303 
304 
305