1723 180.0 180.0 -180.0 
1704 180.0 180.0 -180.0 
1705 180.0 180.0 -180.0 
1708 180.0 180.0 -180.0 
1368
1594
1663
1671
1711
1714
1715
1720
1735
1811
1825
2096
2120
2124
2310
2639
11665
1726
2566
1745
1794
1795
1796
1797
1798
1799
1800
1801
1802
1803
2090
2298
2299
2300
2301
2302
2563
2575
1771
2251
948
949
638
950
2243
2244
2245
2001
2010
2241
2242
3802
3806
3810
3811
1429
1518
1747
1748
1749
1750
1751
1752
1786
2091
2224
2296
2297
2311
2313
2314
2315
2319
1743
2078
2321
2204
2329
19172
19173
19174
19175
2047
2048
2049
2050
2051
1828
2815
2817
2818
2833
2834
2835
2836
2841
2842
2847
2127
2128
2129
2130
2131
2132
2133
2134
2135
2136
2137
2138
2139
2140
2149
2514
2515
2516
2517
2518
2519
2520
2522
2528
2527
2526
2404
2405
2406
1372
1409
2819
2843
2844
2845
2846
1486
1543
1544
1950
1951
1734
1893
2069
1742
2894
14449
