2294
2131
2132
2133
2134
2141
2147
2158
2334
2335
2336
2337
2338
2339
2340
2341
2823
2848
2849
2850
2851
2857
2858
2859
2860
2862
2863
2864
2865
19931
19932
19935
2155
19925
19928
2139
2303
19936
2335
19930
2334
2152
2338
2156
2142
2148
2157
2159
2143
2160
19927
19926
19916
2128
2014
2022
2304
2015
2016
2018
2019
2017
2129
2138
2137
2305
19929
2151
2141
2140
2158
19915
19924
15036
14720
2158
19577
19574
19575
19576
11742
2703
19835
2768
19883
19569
2769
19582
19578
19563
19982
19564
11722
11723
19579
2683
19570
19561
19562
19847
19571
19580
2767
2353
2354
2212
2213
2214
2215
2217
2216
2222
2860
2867
2857
11715
11716
19583
11719
19585
19584
2829
2822
19586
11718
2149
11743
19830
19581
2421
2862
2850
2832
11706
2417
11744
19636
19637
19638
19639
2450
2446
2424
2455
2441
2439
2445
2435
2440
2423
2454
2434
2442
2414
2699