19355 0.0 0.0 -90.0
2395
19353 0.0 0.0 -90.0
19354 0.0 0.0 -90.0
19356 0.0 0.0 -90.0
19357 0.0 0.0 -90.0
19358 0.0 0.0 -90.0
19359 0.0 0.0 -90.0
19360 0.0 0.0 -90.0
19361 0.0 0.0 -90.0
19362 0.0 0.0 -90.0
19363 0.0 0.0 -90.0
19364 0.0 0.0 -90.0
19365 0.0 0.0 -90.0
19366 0.0 0.0 -90.0
19367 0.0 0.0 -90.0
19368 0.0 0.0 -90.0
19369 0.0 0.0 -90.0
19370 0.0 0.0 -90.0
19383 0.0 0.0 -90.0
19384 0.0 0.0 -90.0
19385 0.0 0.0 -90.0
19386 0.0 0.0 -90.0
19387 0.0 0.0 -90.0
19388 0.0 0.0 -90.0
19389 0.0 0.0 -90.0
19390 0.0 0.0 -90.0
19391 0.0 0.0 -90.0
19392 0.0 0.0 -90.0
19393 0.0 0.0 -90.0
19394 0.0 0.0 -90.0
19395 0.0 0.0 -90.0
19399 0.0 0.0 -90.0
19400 0.0 0.0 -90.0
19401 0.0 0.0 -90.0
19402 0.0 0.0 -90.0
19403 0.0 0.0 -90.0
19404 0.0 0.0 -90.0
19405 0.0 0.0 -90.0
19406 0.0 0.0 -90.0
19407 0.0 0.0 -90.0
19408 0.0 0.0 -90.0
19409 0.0 0.0 -90.0
19410 0.0 0.0 -90.0
14447 0.0 0.0 -90.0
19447
19456
19456
19463
19455
19445
19446
19457
19448
19449
19450
19451
19452
19453
19454
19458
19461
19460
19459
19433
19437
19438
19439
19440
19441
19442
19443
19444
19436
19435
19434
19426
19427
19428
19429
19430
19431
19432
19426
19427
19428
19429
19430
19431
19432
19433
19434
19435
19436
19437
19438
19439
19440
19441
19442
19443
19444
19353
19354
19355
19356
19357
19358
19359
19360
19361
19362
19363
19364
19365
19366
19367
19368
19369
19370
19371
19372
19373
19383
19384
19385
19386
19387
19388
19389
19390
19391
19392
19393
19394
19395
19396
19397
19398
19399
19400
19401
19402
19403
19404
19405
19406
19407
19408
19409
19410
19411
19412
19413
19414
19415
19416
19417
19456
19457
19458
19459
19460
19461
19462
19463
3858
3857