25004
25005
25006
25007
25008
25009
25010
25011
25013
25014
25015
25016
25017
25018
25019
25022
25023
25024
25025
25027
25029
25030
25031
25033
25034
25035
25036
25037
25038
25039
25040
25041
25042
25052
25053
25054
25055
25056
25057
25059
25060
25061
25062
25063
25064
25065
25066
25067
25068
25069
25070
25071
25072
25073
25074
25075
25076
25077
25078
25079
25081
25082
25084
25085
25086
25087
25088
25089
25153
25192
25193
25194
25171
25172
25174
25175
25176
25177
25178
25179
25180
25181
25183
25190
25191
25200
25201
25202
25203
25204
25205
25206
25207
25208
25209
25210
25211
25212
25213
25214
25215
25275
25276
25277
25278
25279
25280
25281
25282
25283
25712
25713
25714
25905
25906
25907
25908
25909
25910
25911
25912
25913
25914
25915
25916
25917
25918
25919
25920
25921
25922
25923
25924
25925
25926
25927
25928
25929
25930
25931
25932
25933
25934
25935
25936
25937
25938
25939
25940
25941
25942
25943
25944
25945
25946
25947
25948
25949
25950
25951
25952
25953
25954
25955
25956
25957
25958
25959
25960
25961