25021
25043
25044
25045
25046
25047
25118
25135
25136
25137
25138
25139
25140
25141
25142
25143
25144
25145
25146
25147
25148
25159
25150
25155
25156
25157
25158
25159
25160
25161
25162
25163
25164
25165
25166
25167
25168
25169
25170
25187
25188
25189
25184
25185
25186
25235
25236
25237
25238
25239
25240
25241
25242
25243
25244
25245
25246
25247
25248
25249
25250
25251
25252
25253
25254
25256
25257
25258
25259
25260
25261
25262
25263
25264
25265
25266
25267
25268
25269
25270
25271
25272
25273
25274
25700
25701
25702
25703
25704
25705
25706
25707